669
25
2
2
1
6


3121152
1
0
1
-17
1
8230
96
0
0
0
0
0
0
0
0
0
0
0
0
0
0
50
0
0
255
1286
20000
16384
256
8192
512
12055
32604
32441
23170
1024
5
-96
-85
-84
-30
0
-96
-85
-74
-20
-20
50
350
-5
0
-78
1
250
0
0
16384
512
512
25520
32685
0
0
5
-96
-80
-70
-24
0
-96
-96
-70
-24
0
50
1000








4337664
1
0
1
-13
1
8230
96
0
0
0
0
0
0
0
0
0
0
0
0
0
0
50
0
0
255
1286
20000
16384
256
8192
512
12055
32604
32441
23170
1024
5
-96
-85
-84
-30
0
-96
-85
-74
-20
-20
50
350
-5
0
-78
1
250
0
0
16384
512
512
25520
32685
0
0
5
-96
-80
-70
-24
0
-96
-96
-70
-24
0
50
1000








6057984
1
0
1
-9
1
8230
96
0
0
0
0
0
0
0
0
0
0
0
0
0
0
50
0
0
255
1286
20000
16384
256
8192
512
12055
32604
32441
23170
1024
5
-96
-85
-84
-30
0
-96
-85
-74
-20
-20
50
350
-5
0
-78
1
250
0
0
16384
512
512
25520
32685
0
0
5
-96
-80
-70
-24
0
-96
-96
-70
-24
0
50
1000








8491008
1
0
1
-5
1
8230
96
0
0
0
0
0
0
0
0
0
0
0
0
0
0
50
0
0
255
1286
20000
16384
256
8192
512
12055
32604
32441
23170
1024
5
-96
-85
-84
-30
0
-96
-85
-74
-20
-20
50
350
-5
0
-78
1
250
0
0
16384
512
512
25520
32685
0
0
5
-96
-80
-70
-24
0
-96
-96
-70
-24
0
50
1000








11923456
1
0
1
-1
1
8230
96
0
0
0
0
0
0
0
0
0
0
0
0
0
0
50
0
0
255
1286
20000
16384
256
8192
512
12055
32604
32441
23170
1024
5
-96
-85
-84
-30
0
-96
-85
-74
-20
-20
50
350
-5
0
-78
1
250
0
0
16384
512
512
25520
32685
0
0
5
-96
-80
-70
-24
0
-96
-96
-70
-24
0
50
1000








16777216
1
0
1
3
1
8230
96
0
0
0
0
0
0
0
0
0
0
0
0
0
0
50
0
0
255
1286
20000
16384
256
8192
512
12055
32604
32441
23170
1024
5
-96
-85
-84
-30
0
-96
-85
-74
-20
-20
50
350
-5
0
-78
1
250
0
0
16384
512
512
25520
32685
0
0
5
-96
-80
-70
-24
0
-96
-96
-70
-24
0
50
1000









1
1
1
0
10
800
120



1
64
1546
767
750
355
21
-53
-78
-8
29
-11
-24
-29
-38
-44
-98
-144
-143
-97
-46
3
29
55
69
88
85
78
56
40
24
19
6
-11
-32
-42
-46
-35
-23
-2
4
13
8
9
1
0
-8
-9
-14
-13
-12
-9
-8
-4
-3
5
7
13
12
12
9
9
4
5
1
0
0
0
0
0
0
0
0
0
0
0
0
0
0
0
0
0
0
0
0
0
0
0
0
0
0
0
0
0
0
0
0
0
0
0
0
0
0
0
0
0
0
0
0
0
0
0
0
0
0
0
0
0
0
0
0
0
0
0
0
0
0
0
0
0
0
0
0
0
0
0
0
0
0
0
0
0
0
0
0
0
0
0
0
0
0
0
0
0
0
0
0
0
0
0
0
0
0
0
0
0
0
0
0
0
0
0
0
0
0
0
0
0
0
0
0
0
0
0
0
0
0
0
0
0
0
0
0
0
