385
25
3
8
1
0
1
0
1
45
8192
1
4
1
100
1
3500
1
159
0
8192
2048
0
128
8192
4096
96
8192
768
2
300
768
768
768
2200
8000
6000
768
768
768
768
1000
1000
768
256
256
256
32767
16384
16384
18000
280
8230
5827
8192
512
768
150
32767
16384
16384
1
8000
32
64
64
16728
1024
0
0
5119
0
90
8192
8192
2048
40
2048
4000
32
2048
4000
2
100
32
1024
800
32
1024
800
2
100
2048
32
64
20480
64
16800
400
12288
0
16384
32767
60
23062
-11398
-2622
4704
8698
8807
4494
835
481
209
6655
7358
-1669
4806
-598
-880
16
16
181
512
256
256
600
0
512
256
256
6000
3000
128
480
320
280
5000
2000
256
32767
0
0
16384
0
128
768
12288
8192
256
256
256
4915
0
20
823
3277
16423
9093
0
5827
819
32767
32767
0
0
16384
512
512
12055
32442
23170
4096
0
0
1
5
-80
-70
-65
-24
0
-96
-96
-65
-24
0
50
1000
0
-2
1
64
4405
306
299
289
273
254
234
210
185
158
132
106
82
58
37
18
2
-12
-21
-30
-36
-40
-42
-41
-40
-38
-34
-30
-28
-23
-20
-16
-12
-10
-7
-5
-2
0
2
4
5
7
7
8
9
9
10
9
9
9
8
7
6
4
4
1
1
-1
-3
-3
-4
-4
-6
-6
0
0
0
0
0
0
0
0
0
0
0
0
0
0
0
0
0
0
0
0
0
0
0
0
0
0
0
0
0
0
0
0
0
0
0
0
0
0
0
0
0
0
0
0
0
0
0
0
0
0
0
0
0
0
0
0
0
0
0
0
0
0
0
0
0
0
0
0
0
0
0
0
0
0
0
0
0
0
0
0
0
0
0
0
0
0
0
0
0
0
0
0
0
0
0
0
0
0
0
0
0
0
0
0
0
0
0
0
0
0
0
0
0
0
0
0
0
0
0
0
0
0
0
0
0
0
0
0